name: RESfinder
channels:
  - conda-forge
  - bioconda
  - r
  - defaults
dependencies:
  - _openmp_mutex=4.5=7_kmp_llvm
  - biopython=1.86=py314h0612a62_0
  - blast=2.16.0=hb260f6e_5
  - bzip2=1.0.8=hd037594_8
  - c-ares=1.34.6=hc919400_0
  - ca-certificates=2026.1.4=hbd8a1cb_0
  - cgecore=2.0.1=pyhdfd78af_0
  - cgelib=0.7.5=pyhdfd78af_0
  - curl=8.17.0=hdece5d2_1
  - entrez-direct=22.4=hd5f1084_0
  - git=2.52.0=pl5321h8012a55_1
  - gitdb=4.0.12=pyhd8ed1ab_0
  - gitpython=3.1.46=pyhd8ed1ab_0
  - kma=1.6.8=hba9b596_0
  - krb5=1.21.3=h237132a_0
  - libblas=3.11.0=5_h51639a9_openblas
  - libcblas=3.11.0=5_hb0561ab_openblas
  - libcurl=8.17.0=hdece5d2_1
  - libcxx=21.1.8=hf598326_0
  - libedit=3.1.20250104=pl5321hafb1f1b_0
  - libev=4.33=h93a5062_2
  - libexpat=2.7.3=haf25636_0
  - libffi=3.5.2=he5f378a_0
  - libgcc=15.2.0=hcbb3090_16
  - libgfortran=15.2.0=h07b0088_16
  - libgfortran5=15.2.0=hdae7583_16
  - libiconv=1.18=h23cfdf5_2
  - libidn2=2.3.8=ha90df94_1
  - libintl=0.25.1=h493aca8_0
  - liblapack=3.11.0=5_hd9741b5_openblas
  - liblzma=5.8.1=h39f12f2_2
  - libmpdec=4.0.0=h5505292_0
  - libnghttp2=1.67.0=hc438710_0
  - libopenblas=0.3.30=openmp_ha158390_3
  - libsqlite=3.51.1=h1b79a29_1
  - libssh2=1.11.1=h1590b86_0
  - libunistring=0.9.10=h3422bc3_0
  - libzlib=1.3.1=h8359307_2
  - llvm-openmp=21.1.8=h4a912ad_0
  - ncbi-vdb=3.3.0=h4675bf2_0
  - ncurses=6.5=h5e97a16_3
  - numpy=2.4.0=py314hae46ccb_0
  - openssl=3.6.0=h5503f6c_0
  - pandas=2.3.3=py314ha3d490a_2
  - pcre2=10.47=h30297fc_0
  - perl=5.32.1=7_h4614cfb_perl5
  - perl-archive-tar=3.04=pl5321hdfd78af_0
  - perl-carp=1.50=pl5321hd8ed1ab_0
  - perl-common-sense=3.75=pl5321hd8ed1ab_0
  - perl-compress-raw-bzip2=2.214=pl5321h2ddc596_0
  - perl-compress-raw-zlib=2.214=pl5321ha1c2b25_0
  - perl-encode=3.21=pl5321h5505292_1
  - perl-exporter=5.74=pl5321hd8ed1ab_0
  - perl-exporter-tiny=1.002002=pl5321hd8ed1ab_0
  - perl-extutils-makemaker=7.70=pl5321hd8ed1ab_0
  - perl-io-compress=2.214=pl5321haef7865_0
  - perl-io-zlib=1.15=pl5321hdfd78af_1
  - perl-json=4.10=pl5321hdfd78af_1
  - perl-json-xs=4.04=pl5321h4675bf2_0
  - perl-list-moreutils=0.430=pl5321hdfd78af_0
  - perl-list-moreutils-xs=0.430=pl5321hbdacb55_5
  - perl-parent=0.243=pl5321hd8ed1ab_0
  - perl-pathtools=3.75=pl5321hc71e825_2
  - perl-scalar-list-utils=1.70=pl5321h44e845a_0
  - perl-storable=3.15=pl5321hc71e825_2
  - perl-types-serialiser=1.01=pl5321hdfd78af_0
  - pip=25.3=pyh145f28c_0
  - python=3.14.2=h40d2674_100_cp314
  - python-dateutil=2.9.0.post0=pyhe01879c_2
  - python-tzdata=2025.3=pyhd8ed1ab_0
  - python_abi=3.14=8_cp314
  - pytz=2025.2=pyhd8ed1ab_0
  - readline=8.3=h46df422_0
  - resfinder=4.7.2=pyhdfd78af_0
  - rpsbproc=0.5.0=hf8bb5b5_3
  - six=1.17.0=pyhe01879c_1
  - smmap=5.0.2=pyhd8ed1ab_0
  - tabulate=0.9.0=pyhcf101f3_3
  - tk=8.6.13=h892fb3f_3
  - typing_extensions=4.15.0=pyhcf101f3_0
  - tzdata=2025c=hc9c84f9_1
  - wget=1.21.4=he2df1f1_0
  - xlsxwriter=3.2.9=pyhd8ed1ab_0
  - zlib=1.3.1=h8359307_2
  - zstd=1.5.7=hbf9d68e_6
prefix: /opt/anaconda3/envs/RESfinder
